2505081653161011769414
2505072100272602811104
2409190313591279612514
2505080854400305535912
2505071857341272312531
2505101315075028328103
2505071812500251534306
2505081744311298292113
2505101310336213775006


  2505081744311298292113
  2505101310336213775006
  2505080901380365825424
  2505071857341272312531
  2409180404220803367111
  2505080842130242760916


  2505072139141274400231
  2505072116303873339421
  2503070011560793753126
  2409180404220803367111
  2505071857341272312531
  2505081744311298292113
  2505080901380365825424
  2505080842130242760916
  2505101310336213775006

  2409180448141066564007
  2505101142086744238315
  2505071812130985992127

  2505080915460439942120
  2505071812500251534306
  2409190313591279612514

 24051893060249
  24051893130308
  20240418000000
  24051893060166
  24051893080661
  24051893080263
  24051852140148
  24052553270072
  24052553170180
  24052553170254
  24051893030956
  24052553010844
 24051852130159
  24052553260082
  24052553220026



  0101ef969fab83d7175f
  010137f680af23c44089
  01019aa05df315f3f93d
  0101c29b8e690461a8b6
  010150b0ce4c9e9a2582


0101ef969fab83d7175f
010137f680af23c44089
 01019aa05df315f3f93d
0101c29b8e690461a8b6
 010150b0ce4c9e9a2582
3B47B82BD0E0


 2505072139141274400231
  2505071812500251534306
 2409180448141066564007
  012345678901

 2505071812500251534306
2505071857341272312531

2409180404220803367111
2409180448141066564007
0125906130600022
